Tabu search initialized with schedule: [30, 29, 23, 10, 9, 14, 13, 12, 4, 20, 22, 3, 27, 28, 8, 7, 19, 21, 26, 18, 25, 17, 15, 6, 24, 16, 5, 11, 2, 1, 31]
List Length: 100, Iterations: 10000, Tolerance: 20

Iteration 10: New best tardiness: 335 with schedule: [30, 23, 10, 9, 14, 13, 12, 4, 20, 22, 3, 29, 27, 28, 8, 7, 19, 21, 26, 18, 25, 17, 15, 6, 24, 16, 5, 11, 2, 1, 31]
Iteration 15: New best tardiness: 333 with schedule: [30, 23, 10, 9, 14, 13, 12, 4, 20, 22, 3, 29, 28, 8, 7, 19, 21, 27, 26, 18, 25, 17, 15, 6, 24, 16, 5, 11, 2, 1, 31]
Iteration 16: New best tardiness: 323 with schedule: [30, 23, 10, 9, 14, 13, 12, 4, 20, 22, 3, 29, 28, 8, 7, 19, 21, 27, 18, 26, 25, 17, 15, 6, 24, 16, 5, 11, 2, 1, 31]
Iteration 19: New best tardiness: 305 with schedule: [30, 23, 10, 9, 14, 13, 12, 4, 20, 22, 3, 29, 28, 8, 7, 19, 21, 27, 18, 26, 17, 15, 6, 25, 24, 16, 5, 11, 2, 1, 31]
Iteration 20: New best tardiness: 300 with schedule: [30, 23, 10, 9, 14, 13, 12, 4, 20, 22, 3, 29, 28, 8, 7, 19, 21, 27, 18, 26, 17, 15, 6, 25, 16, 24, 5, 11, 2, 1, 31]
Iteration 33: New best tardiness: 299 with schedule: [30, 10, 9, 14, 13, 12, 4, 20, 23, 3, 22, 29, 8, 7, 19, 21, 28, 27, 18, 26, 17, 15, 6, 25, 16, 24, 11, 5, 2, 1, 31]
Iteration 34: New best tardiness: 297 with schedule: [30, 10, 9, 14, 13, 12, 4, 20, 23, 3, 22, 29, 8, 7, 19, 21, 28, 18, 27, 26, 17, 15, 6, 25, 16, 24, 11, 5, 2, 1, 31]
Iteration 37: New best tardiness: 287 with schedule: [30, 10, 9, 14, 13, 12, 4, 20, 23, 3, 22, 29, 8, 7, 19, 21, 28, 18, 27, 17, 15, 6, 26, 25, 16, 24, 11, 5, 2, 1, 31]
Iteration 38: New best tardiness: 269 with schedule: [30, 10, 9, 14, 13, 12, 4, 20, 23, 3, 22, 29, 8, 7, 19, 21, 28, 18, 27, 17, 15, 6, 26, 16, 25, 24, 11, 5, 2, 1, 31]
Iteration 45: New best tardiness: 256 with schedule: [30, 10, 14, 13, 12, 4, 20, 9, 3, 23, 22, 29, 8, 7, 19, 21, 28, 18, 27, 17, 15, 6, 26, 16, 25, 11, 24, 5, 2, 1, 31]
Iteration 49: New best tardiness: 253 with schedule: [30, 10, 14, 13, 12, 4, 20, 9, 3, 23, 22, 8, 7, 19, 21, 29, 28, 18, 27, 17, 15, 6, 26, 16, 25, 11, 24, 5, 2, 1, 31]
Iteration 50: New best tardiness: 250 with schedule: [30, 10, 14, 13, 12, 4, 20, 9, 3, 23, 22, 8, 7, 19, 21, 29, 18, 28, 27, 17, 15, 6, 26, 16, 25, 11, 24, 5, 2, 1, 31]
Iteration 53: New best tardiness: 248 with schedule: [30, 10, 14, 13, 12, 4, 20, 9, 3, 23, 22, 8, 7, 19, 21, 29, 18, 28, 17, 15, 6, 27, 26, 16, 25, 11, 24, 5, 2, 1, 31]
Iteration 54: New best tardiness: 238 with schedule: [30, 10, 14, 13, 12, 4, 20, 9, 3, 23, 22, 8, 7, 19, 21, 29, 18, 28, 17, 15, 6, 27, 16, 26, 25, 11, 24, 5, 2, 1, 31]
Iteration 61: New best tardiness: 232 with schedule: [30, 14, 13, 12, 4, 20, 10, 3, 9, 23, 22, 8, 7, 19, 21, 29, 18, 28, 17, 15, 6, 27, 16, 26, 11, 25, 24, 5, 2, 1, 31]
Iteration 65: New best tardiness: 229 with schedule: [30, 14, 13, 12, 4, 20, 10, 3, 9, 23, 8, 7, 19, 22, 21, 18, 29, 28, 17, 15, 6, 27, 16, 26, 11, 25, 24, 5, 2, 1, 31]
Iteration 68: New best tardiness: 226 with schedule: [30, 14, 13, 12, 4, 20, 10, 3, 9, 23, 8, 7, 19, 22, 21, 18, 29, 17, 15, 6, 28, 27, 16, 26, 11, 25, 24, 5, 2, 1, 31]
Iteration 69: New best tardiness: 224 with schedule: [30, 14, 13, 12, 4, 20, 10, 3, 9, 23, 8, 7, 19, 22, 21, 18, 29, 17, 15, 6, 28, 16, 27, 26, 11, 25, 24, 5, 2, 1, 31]
Iteration 73: New best tardiness: 220 with schedule: [30, 14, 13, 4, 20, 12, 3, 10, 9, 23, 8, 7, 19, 22, 21, 18, 29, 17, 15, 6, 28, 16, 27, 11, 26, 25, 24, 5, 2, 1, 31]
Iteration 79: New best tardiness: 214 with schedule: [30, 14, 13, 4, 20, 12, 3, 10, 9, 8, 7, 19, 23, 22, 21, 18, 17, 15, 6, 29, 28, 16, 27, 11, 26, 25, 24, 5, 2, 1, 31]
Iteration 80: New best tardiness: 211 with schedule: [30, 14, 13, 4, 20, 12, 3, 10, 9, 8, 7, 19, 23, 22, 21, 18, 17, 15, 6, 29, 16, 28, 27, 11, 26, 25, 24, 5, 2, 1, 31]
Iteration 86: New best tardiness: 206 with schedule: [30, 14, 4, 20, 13, 3, 12, 10, 9, 8, 19, 7, 23, 22, 21, 18, 17, 6, 15, 29, 16, 28, 11, 27, 26, 25, 24, 5, 2, 1, 31]
Iteration 87: New best tardiness: 200 with schedule: [30, 14, 4, 20, 13, 3, 12, 10, 9, 8, 19, 7, 23, 22, 21, 18, 17, 6, 15, 16, 29, 28, 11, 27, 26, 25, 24, 5, 2, 1, 31]
Iteration 93: New best tardiness: 194 with schedule: [30, 4, 20, 14, 3, 13, 12, 10, 9, 19, 8, 7, 23, 22, 21, 18, 6, 17, 15, 16, 29, 11, 28, 27, 26, 25, 24, 5, 2, 1, 31]
Iteration 94: New best tardiness: 189 with schedule: [30, 4, 20, 14, 3, 13, 12, 10, 9, 19, 8, 7, 23, 22, 21, 18, 6, 17, 16, 15, 29, 11, 28, 27, 26, 25, 24, 5, 2, 1, 31]
Iteration 99: New best tardiness: 184 with schedule: [30, 20, 4, 3, 14, 13, 12, 10, 19, 9, 8, 7, 23, 22, 21, 6, 18, 17, 16, 15, 11, 29, 28, 27, 26, 25, 24, 5, 2, 1, 31]
Iteration 169: New best tardiness: 182 with schedule: [30, 20, 19, 4, 3, 14, 13, 10, 9, 8, 7, 6, 23, 22, 21, 18, 17, 16, 12, 15, 11, 29, 27, 28, 26, 25, 24, 5, 2, 1, 31]
Iteration 177: New best tardiness: 181 with schedule: [30, 20, 19, 4, 3, 14, 13, 10, 9, 8, 7, 6, 23, 22, 21, 18, 17, 16, 15, 11, 29, 27, 28, 26, 25, 24, 12, 5, 2, 1, 31]
Iteration 188: New best tardiness: 178 with schedule: [30, 20, 19, 4, 3, 14, 10, 9, 8, 7, 6, 23, 22, 21, 18, 17, 16, 13, 15, 11, 29, 27, 28, 26, 25, 24, 12, 5, 2, 1, 31]
Iteration 5827: New best tardiness: 173 with schedule: [30, 4, 3, 10, 9, 8, 14, 7, 6, 20, 19, 23, 22, 21, 18, 17, 16, 15, 13, 12, 29, 27, 28, 26, 25, 24, 5, 11, 2, 1, 31]
Iteration 5828: New best tardiness: 168 with schedule: [30, 4, 3, 10, 9, 8, 14, 7, 6, 20, 19, 23, 22, 21, 18, 17, 16, 15, 13, 12, 29, 27, 28, 26, 25, 24, 5, 2, 11, 1, 31]
Iteration 5838: New best tardiness: 163 with schedule: [30, 4, 3, 10, 9, 14, 8, 7, 6, 20, 19, 23, 22, 21, 18, 17, 16, 13, 12, 29, 27, 28, 26, 25, 24, 5, 15, 2, 11, 1, 31]
Iteration 5839: New best tardiness: 158 with schedule: [30, 4, 3, 10, 9, 14, 8, 7, 6, 20, 19, 23, 22, 21, 18, 17, 16, 13, 12, 29, 27, 28, 26, 25, 24, 5, 2, 15, 11, 1, 31]
