Tabu search initialized with schedule: [30, 29, 23, 10, 9, 14, 13, 12, 4, 20, 22, 3, 27, 28, 8, 7, 19, 21, 26, 18, 25, 17, 15, 6, 24, 16, 5, 11, 2, 1, 31]
List Length: 20, Iterations: 1000, Tolerance: 10

Iteration 10: New best tardiness: 335 with schedule: [30, 23, 10, 9, 14, 13, 12, 4, 20, 22, 3, 29, 27, 28, 8, 7, 19, 21, 26, 18, 25, 17, 15, 6, 24, 16, 5, 11, 2, 1, 31]
Iteration 15: New best tardiness: 333 with schedule: [30, 23, 10, 9, 14, 13, 12, 4, 20, 22, 3, 29, 28, 8, 7, 19, 21, 27, 26, 18, 25, 17, 15, 6, 24, 16, 5, 11, 2, 1, 31]
Iteration 16: New best tardiness: 323 with schedule: [30, 23, 10, 9, 14, 13, 12, 4, 20, 22, 3, 29, 28, 8, 7, 19, 21, 27, 18, 26, 25, 17, 15, 6, 24, 16, 5, 11, 2, 1, 31]
Iteration 19: New best tardiness: 305 with schedule: [30, 23, 10, 9, 14, 13, 12, 4, 20, 22, 3, 29, 28, 8, 7, 19, 21, 27, 18, 26, 17, 15, 6, 25, 24, 16, 5, 11, 2, 1, 31]
Iteration 20: New best tardiness: 300 with schedule: [30, 23, 10, 9, 14, 13, 12, 4, 20, 22, 3, 29, 28, 8, 7, 19, 21, 27, 18, 26, 17, 15, 6, 25, 16, 24, 5, 11, 2, 1, 31]
Iteration 38: New best tardiness: 290 with schedule: [30, 10, 9, 14, 13, 12, 4, 20, 23, 3, 29, 28, 8, 7, 19, 22, 21, 18, 27, 17, 15, 6, 26, 25, 16, 24, 11, 5, 2, 1, 31]
Iteration 39: New best tardiness: 272 with schedule: [30, 10, 9, 14, 13, 12, 4, 20, 23, 3, 29, 28, 8, 7, 19, 22, 21, 18, 27, 17, 15, 6, 26, 16, 25, 24, 11, 5, 2, 1, 31]
Iteration 47: New best tardiness: 267 with schedule: [30, 10, 14, 13, 12, 4, 20, 23, 3, 9, 29, 28, 8, 7, 19, 22, 21, 18, 27, 17, 15, 6, 26, 16, 25, 11, 24, 5, 2, 1, 31]
Iteration 53: New best tardiness: 265 with schedule: [30, 10, 14, 13, 12, 4, 20, 23, 3, 29, 28, 9, 8, 19, 7, 22, 21, 18, 17, 15, 6, 27, 26, 16, 25, 11, 24, 5, 2, 1, 31]
Iteration 54: New best tardiness: 255 with schedule: [30, 10, 14, 13, 12, 4, 20, 23, 3, 29, 28, 9, 8, 19, 7, 22, 21, 18, 17, 15, 6, 27, 16, 26, 25, 11, 24, 5, 2, 1, 31]
Iteration 62: New best tardiness: 250 with schedule: [30, 14, 13, 12, 4, 20, 23, 3, 10, 29, 28, 9, 8, 19, 7, 22, 21, 18, 17, 15, 6, 27, 16, 26, 11, 25, 24, 5, 2, 1, 31]
Iteration 67: New best tardiness: 244 with schedule: [30, 14, 13, 12, 4, 20, 23, 3, 29, 28, 10, 9, 19, 8, 22, 21, 7, 18, 17, 15, 6, 27, 16, 26, 11, 25, 24, 5, 2, 1, 31]
Iteration 68: New best tardiness: 238 with schedule: [30, 14, 13, 12, 4, 20, 23, 3, 29, 28, 10, 9, 19, 8, 22, 21, 18, 7, 17, 15, 6, 27, 16, 26, 11, 25, 24, 5, 2, 1, 31]
Iteration 71: New best tardiness: 236 with schedule: [30, 14, 13, 12, 4, 20, 23, 3, 29, 28, 10, 9, 19, 8, 22, 21, 18, 17, 15, 7, 6, 16, 27, 26, 11, 25, 24, 5, 2, 1, 31]
Iteration 76: New best tardiness: 234 with schedule: [30, 14, 13, 4, 20, 23, 3, 12, 29, 28, 10, 9, 19, 8, 22, 21, 18, 17, 15, 7, 6, 16, 27, 11, 26, 25, 24, 5, 2, 1, 31]
Iteration 89: New best tardiness: 232 with schedule: [30, 14, 13, 4, 20, 23, 3, 29, 28, 10, 9, 19, 8, 22, 21, 18, 17, 15, 7, 6, 12, 16, 27, 11, 26, 25, 24, 5, 2, 1, 31]
Iteration 90: New best tardiness: 230 with schedule: [30, 14, 13, 4, 20, 23, 3, 29, 28, 10, 9, 19, 8, 22, 21, 18, 17, 15, 7, 6, 16, 12, 27, 11, 26, 25, 24, 5, 2, 1, 31]
Iteration 95: New best tardiness: 229 with schedule: [30, 14, 13, 4, 20, 23, 3, 29, 28, 10, 9, 19, 8, 22, 21, 18, 17, 15, 7, 6, 16, 27, 11, 26, 25, 24, 12, 5, 2, 1, 31]
Iteration 99: New best tardiness: 226 with schedule: [30, 14, 4, 20, 23, 3, 13, 29, 28, 10, 9, 19, 8, 22, 21, 18, 17, 15, 7, 6, 16, 27, 11, 26, 25, 24, 12, 5, 2, 1, 31]
Iteration 112: New best tardiness: 223 with schedule: [30, 14, 4, 20, 23, 3, 29, 28, 10, 9, 19, 8, 22, 21, 18, 17, 15, 7, 6, 13, 16, 27, 11, 26, 25, 24, 12, 5, 2, 1, 31]
Iteration 113: New best tardiness: 220 with schedule: [30, 14, 4, 20, 23, 3, 29, 28, 10, 9, 19, 8, 22, 21, 18, 17, 15, 7, 6, 16, 13, 27, 11, 26, 25, 24, 12, 5, 2, 1, 31]
Iteration 122: New best tardiness: 217 with schedule: [30, 4, 20, 23, 3, 14, 29, 28, 10, 9, 19, 8, 22, 21, 18, 17, 15, 7, 6, 16, 27, 11, 26, 25, 24, 13, 12, 5, 2, 1, 31]
Iteration 344: New best tardiness: 212 with schedule: [30, 23, 20, 19, 14, 4, 29, 22, 21, 3, 18, 10, 13, 12, 9, 8, 7, 28, 6, 17, 16, 27, 26, 25, 24, 5, 15, 2, 11, 1, 31]
Iteration 346: New best tardiness: 209 with schedule: [30, 23, 20, 19, 14, 4, 29, 22, 21, 3, 18, 10, 13, 12, 9, 8, 7, 28, 6, 17, 27, 16, 26, 25, 24, 5, 2, 15, 11, 1, 31]
Iteration 352: New best tardiness: 207 with schedule: [30, 20, 19, 14, 4, 29, 23, 22, 3, 21, 18, 10, 13, 12, 9, 8, 7, 28, 6, 17, 27, 16, 26, 25, 24, 5, 2, 15, 11, 1, 31]
Iteration 365: New best tardiness: 206 with schedule: [30, 20, 14, 4, 29, 19, 23, 3, 22, 21, 10, 13, 12, 9, 8, 7, 28, 6, 18, 27, 17, 16, 26, 25, 24, 5, 2, 15, 11, 1, 31]
Iteration 436: New best tardiness: 203 with schedule: [30, 4, 23, 3, 29, 22, 10, 14, 13, 9, 8, 7, 28, 6, 21, 27, 20, 19, 18, 17, 16, 26, 25, 15, 11, 24, 12, 5, 2, 1, 31]
Iteration 445: New best tardiness: 202 with schedule: [30, 4, 23, 3, 22, 10, 14, 13, 9, 8, 7, 29, 6, 21, 28, 27, 20, 19, 18, 17, 16, 26, 25, 15, 11, 24, 12, 5, 2, 1, 31]
Iteration 449: New best tardiness: 199 with schedule: [30, 4, 23, 3, 22, 10, 14, 13, 9, 8, 7, 29, 6, 21, 27, 20, 19, 18, 28, 17, 16, 26, 25, 15, 11, 24, 12, 5, 2, 1, 31]
Iteration 451: New best tardiness: 196 with schedule: [30, 4, 23, 3, 22, 10, 14, 13, 9, 8, 7, 29, 6, 21, 27, 20, 19, 18, 17, 16, 28, 26, 25, 15, 11, 24, 12, 5, 2, 1, 31]
