Tabu search initialized with schedule: [30, 29, 23, 10, 9, 14, 13, 12, 4, 20, 22, 3, 27, 28, 8, 7, 19, 21, 26, 18, 25, 17, 15, 6, 24, 16, 5, 11, 2, 1, 31]
List Length: 20, Iterations: 100, Tolerance: 100

Iteration 10: New best tardiness: 335 with schedule: [30, 23, 10, 9, 14, 13, 12, 4, 20, 22, 3, 29, 27, 28, 8, 7, 19, 21, 26, 18, 25, 17, 15, 6, 24, 16, 5, 11, 2, 1, 31]
Iteration 15: New best tardiness: 333 with schedule: [30, 23, 10, 9, 14, 13, 12, 4, 20, 22, 3, 29, 28, 8, 7, 19, 21, 27, 26, 18, 25, 17, 15, 6, 24, 16, 5, 11, 2, 1, 31]
Iteration 16: New best tardiness: 323 with schedule: [30, 23, 10, 9, 14, 13, 12, 4, 20, 22, 3, 29, 28, 8, 7, 19, 21, 27, 18, 26, 25, 17, 15, 6, 24, 16, 5, 11, 2, 1, 31]
Iteration 19: New best tardiness: 305 with schedule: [30, 23, 10, 9, 14, 13, 12, 4, 20, 22, 3, 29, 28, 8, 7, 19, 21, 27, 18, 26, 17, 15, 6, 25, 24, 16, 5, 11, 2, 1, 31]
Iteration 20: New best tardiness: 300 with schedule: [30, 23, 10, 9, 14, 13, 12, 4, 20, 22, 3, 29, 28, 8, 7, 19, 21, 27, 18, 26, 17, 15, 6, 25, 16, 24, 5, 11, 2, 1, 31]
Iteration 38: New best tardiness: 290 with schedule: [30, 10, 9, 14, 13, 12, 4, 20, 23, 3, 29, 28, 8, 7, 19, 22, 21, 18, 27, 17, 15, 6, 26, 25, 16, 24, 11, 5, 2, 1, 31]
Iteration 39: New best tardiness: 272 with schedule: [30, 10, 9, 14, 13, 12, 4, 20, 23, 3, 29, 28, 8, 7, 19, 22, 21, 18, 27, 17, 15, 6, 26, 16, 25, 24, 11, 5, 2, 1, 31]
Iteration 47: New best tardiness: 267 with schedule: [30, 10, 14, 13, 12, 4, 20, 23, 3, 9, 29, 28, 8, 7, 19, 22, 21, 18, 27, 17, 15, 6, 26, 16, 25, 11, 24, 5, 2, 1, 31]
Iteration 53: New best tardiness: 265 with schedule: [30, 10, 14, 13, 12, 4, 20, 23, 3, 29, 28, 9, 8, 19, 7, 22, 21, 18, 17, 15, 6, 27, 26, 16, 25, 11, 24, 5, 2, 1, 31]
Iteration 54: New best tardiness: 255 with schedule: [30, 10, 14, 13, 12, 4, 20, 23, 3, 29, 28, 9, 8, 19, 7, 22, 21, 18, 17, 15, 6, 27, 16, 26, 25, 11, 24, 5, 2, 1, 31]
Iteration 62: New best tardiness: 250 with schedule: [30, 14, 13, 12, 4, 20, 23, 3, 10, 29, 28, 9, 8, 19, 7, 22, 21, 18, 17, 15, 6, 27, 16, 26, 11, 25, 24, 5, 2, 1, 31]
Iteration 67: New best tardiness: 244 with schedule: [30, 14, 13, 12, 4, 20, 23, 3, 29, 28, 10, 9, 19, 8, 22, 21, 7, 18, 17, 15, 6, 27, 16, 26, 11, 25, 24, 5, 2, 1, 31]
Iteration 68: New best tardiness: 238 with schedule: [30, 14, 13, 12, 4, 20, 23, 3, 29, 28, 10, 9, 19, 8, 22, 21, 18, 7, 17, 15, 6, 27, 16, 26, 11, 25, 24, 5, 2, 1, 31]
Iteration 71: New best tardiness: 236 with schedule: [30, 14, 13, 12, 4, 20, 23, 3, 29, 28, 10, 9, 19, 8, 22, 21, 18, 17, 15, 7, 6, 16, 27, 26, 11, 25, 24, 5, 2, 1, 31]
Iteration 76: New best tardiness: 234 with schedule: [30, 14, 13, 4, 20, 23, 3, 12, 29, 28, 10, 9, 19, 8, 22, 21, 18, 17, 15, 7, 6, 16, 27, 11, 26, 25, 24, 5, 2, 1, 31]
Iteration 89: New best tardiness: 232 with schedule: [30, 14, 13, 4, 20, 23, 3, 29, 28, 10, 9, 19, 8, 22, 21, 18, 17, 15, 7, 6, 12, 16, 27, 11, 26, 25, 24, 5, 2, 1, 31]
Iteration 90: New best tardiness: 230 with schedule: [30, 14, 13, 4, 20, 23, 3, 29, 28, 10, 9, 19, 8, 22, 21, 18, 17, 15, 7, 6, 16, 12, 27, 11, 26, 25, 24, 5, 2, 1, 31]
Iteration 95: New best tardiness: 229 with schedule: [30, 14, 13, 4, 20, 23, 3, 29, 28, 10, 9, 19, 8, 22, 21, 18, 17, 15, 7, 6, 16, 27, 11, 26, 25, 24, 12, 5, 2, 1, 31]
Iteration 99: New best tardiness: 226 with schedule: [30, 14, 4, 20, 23, 3, 13, 29, 28, 10, 9, 19, 8, 22, 21, 18, 17, 15, 7, 6, 16, 27, 11, 26, 25, 24, 12, 5, 2, 1, 31]
